16659	1	0	1491570661
24615	4	0	1491570661
72601	4	0	1491570661
123971	10	0	1491570661
433761	1	0	1491570661
535563	5	0	1491570661
615853	1	0	1491570661
730652	1	0	1491570661
767234	2	0	1491570661
790242	3	1	1491570661
792255	2	0	1491570661
881981	6	0	1491570661
948669	5	0	1491570661
1348009	2	0	1491570661
1433787	8	0	1491570661
1687066	2	0	1491570661
1786245	4	0	1491570661
1948638	3	0	1491570661
2136683	8	0	1491570661
2649851	10	0	1491570661
2995592	1	0	1491570661
3103047	8	0	1491570661
3307112	5	0	1491570661
3424185	1	0	1491570661
3638020	2	0	1491570661
3640380	2	0	1491570661
3895359	10	0	1491570661
3955963	1	0	1491570661
3963860	1	0	1491570661
4101380	1	0	1491570661
4134179	9	0	1491570661
4204616	1	0	1491570661
4431052	10	0	1491570661
4518379	10	0	1491570661
4520142	1	0	1491570661
4727260	1	0	1491570661
4909962	10	0	1491570661
4947691	4	0	1491570661
4948333	1	0	1491570661
5017376	8	0	1491570661
5620581	6	0	1491570661
5843734	8	0	1491570661
5850705	7	0	1491570661
5852872	1	0	1491570661
5898570	2	0	1491570661
5952750	1	0	1491570661
5970287	1	0	1491570661
6147453	2	0	1491570661
6168043	5	0	1491570661
6219443	8	0	1491570661
6309110	1	0	1491570661
6374286	1	0	1491570661
6383166	1	0	1491570661
6423573	2	0	1491570661
6463683	1	0	1491570661
6523612	2	0	1491570661
6689062	2	0	1491570661
6809578	4	0	1491570661
7154600	2	1	1491570661
7190752	2	0	1491570661
7217409	11	0	1491570661
7355789	1	0	1491570661
7547134	8	0	1491570661
7640927	8	0	1491570661
7730393	3	0	1491570661
7968356	2	0	1491570661
8012470	7	0	1491570661
8292670	1	0	1491570661
8350702	7	0	1491570661
8543736	2	0	1491570661
8640213	2	0	1491570661
8680713	9	0	1491570661
8724331	2	0	1491570661
9024427	1	0	1491570661
9124038	1	0	1491570661
9311605	5	0	1491570661
9354261	2	0	1491570661
9463749	5	0	1491570661
9693167	11	0	1491570661
9736421	9	0	1491570661
10023196	9	0	1491570661
10480379	1	0	1491570661
10539785	1	0	1491570661
10755507	2	0	1491570661
10868754	1	0	1491570661
10892007	1	0	1491570661
10903805	2	0	1491570661
10946181	1	0	1491570661
11036360	6	0	1491570661
11151617	3	1	1491570661
11175338	6	0	1491570661
11263325	9	0	1491570661
11437854	7	0	1491570661
11493698	2	0	1491570661
11886934	4	0	1491570661
11957203	2	0	1491570661
12147472	1	0	1491570661
12225904	1	0	1491570661
12267640	7	0	1491570661
12344849	6	0	1491570661
12403279	5	1	1491570661
12729150	1	0	1491570661
12733116	2	0	1491570661
12775422	2	0	1491570661
12778177	3	0	1491570661
12831129	1	0	1491570661
12981438	1	0	1491570661
13074485	1	0	1491570661
13079857	1	0	1491570661
13196242	2	0	1491570661
13304173	1	0	1491570661
13418247	5	0	1491570661
13644774	2	1	1491570661
13715779	3	0	1491570661
13720225	1	0	1491570661
13754002	4	0	1491570661
13844027	5	0	1491570661
14302462	2	0	1491570661
14459069	2	0	1491570661
14659482	6	0	1491570661
14691867	2	0	1491570661
14743907	1	0	1491570661
14950055	1	0	1491570661
15103773	6	0	1491570661
15349375	1	0	1491570661
15918520	6	0	1491570661
16007247	1	0	1491570661
16193304	9	1	1491570661
16227209	3	0	1491570661
16280261	6	0	1491570661
16548985	1	0	1491570661
16595501	7	0	1491570661
16659985	6	0	1491570661
16727049	3	0	1491570661
16842054	6	0	1491570661
17436555	7	0	1491570661
17565063	1	0	1491570661
17783599	2	0	1491570661
18642340	2	0	1491570661
19028586	3	0	1491570661
19076037	1	0	1491570661
19203394	5	0	1491570661
19370928	5	0	1491570661
19471864	4	0	1491570661
19811747	1	0	1491570661
19843078	7	0	1491570661
20113344	8	0	1491570661
20463329	1	0	1491570661
20518295	2	0	1491570661
20809225	9	0	1491570661
20820627	2	0	1491570661
20865520	1	0	1491570661
21020028	3	0	1491570661
21204720	2	0	1491570661
21264900	2	0	1491570661
21270187	2	0	1491570661
21305645	2	0	1491570661
21319595	2	0	1491570661
21681035	7	0	1491570661
21899173	2	0	1491570661
22117828	2	0	1491570661
22388932	1	0	1491570661
22522985	9	0	1491570661
22583724	2	0	1491570661
22705841	1	0	1491570661
22884716	4	0	1491570661
23337302	1	0	1491570661
23385589	1	0	1491570661
24136371	2	0	1491570661
24163565	1	0	1491570661
24435056	1	0	1491570661
24435666	1	0	1491570661
24517462	3	0	1491570661
24608170	2	0	1491570661
25046687	3	0	1491570661
25293116	1	0	1491570661
25310793	3	0	1491570661
25809722	3	0	1491570661
25842353	1	0	1491570661
26051959	2	0	1491570661
26295481	1	0	1491570661
26363034	1	0	1491570661
26402654	3	0	1491570661
26487686	7	0	1491570661
26568378	1	0	1491570661
26931180	2	0	1491570661
27554461	6	0	1491570661
27589226	9	0	1491570661
27915352	3	0	1491570661
27952503	1	0	1491570661
28420220	1	0	1491570661
28519759	1	0	1491570661
28700484	1	0	1491570661
28731800	2	0	1491570661
28853750	1	0	1491570661
28894630	2	0	1491570661
29014271	5	1	1491570661
29123027	1	0	1491570661
29479964	3	0	1491570661
30033860	2	0	1491570661
30050965	9	0	1491570661
30094403	2	0	1491570661
30272789	8	0	1491570661
30518414	3	0	1491570661
30817749	3	0	1491570661
30879513	5	0	1491570661
31395787	1	0	1491570661
31866314	1	0	1491570661
31985626	2	0	1491570661
32198901	2	0	1491570661
32262214	2	0	1491570661
32443328	2	0	1491570661
32618044	2	0	1491570661
33058916	1	0	1491570661
33094460	2	0	1491570661
33482525	2	0	1491570661
33809596	3	1	1491570661
33845855	1	0	1491570661
33871281	1	0	1491570661
33942082	2	0	1491570661
33951912	1	0	1491570661
34188934	3	0	1491570661
34526790	1	0	1491570661
34724202	1	0	1491570661
34759194	2	0	1491570661
34804512	8	0	1491570661
34926768	2	0	1491570661
35135500	2	0	1491570661
35312550	2	0	1491570661
36551524	2	0	1491570661
37120730	2	0	1491570661
37251397	1	0	1491570661
37429892	1	0	1491570661
37737047	1	0	1491570661
38396137	3	0	1491570661
38447277	3	1	1491570661
38541414	1	0	1491570661
39189728	1	0	1491570661
39239615	2	0	1491570661
39334796	2	0	1491570661
39751798	1	0	1491570661
40910467	7	0	1491570661
40926992	1	0	1491570661
41717076	3	0	1491570661
41780304	2	0	1491570661
42259319	1	0	1491570661
42852695	5	1	1491570661
43132896	2	0	1491570661
43269671	9	0	1491570661
43561520	10	0	1491570661
43678143	2	0	1491570661
43922727	1	0	1491570661
44066198	1	0	1491570661
44299670	1	0	1491570661
44987556	2	0	1491570661
45058984	2	0	1491570661
45062739	1	0	1491570661
45124740	8	0	1491570661
45156238	3	0	1491570661
46007420	1	0	1491570661
46031687	2	0	1491570661
46169794	1	0	1491570661
46756386	3	0	1491570661
46758927	1	0	1491570661
47117174	2	0	1491570661
47594553	7	0	1491570661
48030331	4	0	1491570661
49014014	2	0	1491570661
49154753	1	0	1491570661
49210292	3	0	1491570661
49388479	2	0	1491570661
50223819	2	0	1491570661
50298593	1	0	1491570661
50370723	1	0	1491570661
50552728	1	0	1491570661
50859151	2	0	1491570661
51109331	1	0	1491570661
51136301	5	0	1491570661
51534461	2	0	1491570661
51674655	4	0	1491570661
51815464	2	0	1491570661
51959831	4	0	1491570661
52423726	5	0	1491570661
52831631	1	0	1491570661
52965828	1	0	1491570661
53439801	5	0	1491570661
53716240	1	0	1491570661
55367320	6	0	1491570661
55630258	3	0	1491570661
55762274	1	0	1491570661
55926806	1	0	1491570661
56033827	1	0	1491570661
56230959	4	1	1491570661
56405484	1	0	1491570661
56578308	2	0	1491570661
58201329	4	0	1491570661
58354283	3	0	1491570661
58904750	1	0	1491570661
59291142	10	0	1491570661
59488041	2	0	1491570661
59805924	1	0	1491570661
60418433	2	0	1491570661
61424006	2	0	1491570661
61547440	4	0	1491570661
61620875	1	0	1491570661
62429193	2	0	1491570661
62525827	2	0	1491570661
62615537	1	0	1491570661
62781763	2	0	1491570661
63166398	2	0	1491570661
63314038	1	0	1491570661
63543107	1	0	1491570661
64182183	1	0	1491570661
64207280	5	0	1491570661
64826509	1	0	1491570661
64971391	3	0	1491570661
64988732	1	0	1491570661
65175569	4	0	1491570661
65721035	1	0	1491570661
66356986	1	0	1491570661
66726095	1	0	1491570661
66780981	1	0	1491570661
66827998	1	0	1491570661
67832529	4	0	1491570661
67920417	2	0	1491570661
68755818	2	0	1491570661
68900882	3	0	1491570661
68971282	2	0	1491570661
69349948	1	0	1491570661
69489115	3	0	1491570661
70220302	4	0	1491570661
70648679	1	0	1491570661
70979268	1	0	1491570661
71497949	5	0	1491570661
71623110	2	0	1491570661
71782258	1	0	1491570661
71856599	2	0	1491570661
72262702	1	0	1491570661
72966768	1	0	1491570661
73745660	1	0	1491570661
75173814	2	0	1491570661
75528006	1	0	1491570661
75602894	6	0	1491570661
76525385	3	0	1491570661
76635976	1	0	1491570661
76980533	1	0	1491570661
76987434	2	0	1491570661
77212805	1	0	1491570661
77749926	1	0	1491570661
79323680	2	0	1491570661
79476219	1	0	1491570661
80685953	3	0	1491570661
80736464	2	0	1491570661
80977547	1	0	1491570661
81056701	2	0	1491570661
81251100	1	0	1491570661
81690070	2	0	1491570661
81730941	1	0	1491570661
82191577	1	0	1491570661
82712126	1	0	1491570661
82772930	1	0	1491570661
83228043	2	0	1491570661
83400995	2	0	1491570661
83409420	1	0	1491570661
83543765	2	0	1491570661
83990904	5	0	1491570661
84177872	1	0	1491570661
85187384	3	0	1491570661
86290003	3	0	1491570661
87007890	2	0	1491570661
87436964	3	0	1491570661
87571777	1	0	1491570661
87638082	1	0	1491570661
88016389	2	0	1491570661
88068997	1	0	1491570661
88118826	1	0	1491570661
88268058	2	0	1491570661
88334777	2	0	1491570661
88467649	2	0	1491570661
88506339	2	0	1491570661
89070632	1	0	1491570661
89718332	5	0	1491570661
89774082	7	0	1491570661
89847707	1	0	1491570661
90112897	3	0	1491570661
90240202	1	0	1491570661
90533436	2	0	1491570661
90890227	2	0	1491570661
90917398	2	0	1491570661
91411164	3	0	1491570661
91428212	3	0	1491570661
91745957	4	0	1491570661
92010532	1	0	1491570661
92012504	1	0	1491570661
92283380	4	1	1491570661
92510984	4	1	1491570661
92725836	1	0	1491570661
93263139	6	0	1491570661
94989154	1	0	1491570661
95121128	1	0	1491570661
95456184	2	0	1491570661
95830847	1	0	1491570661
96058482	1	0	1491570661
97340484	1	0	1491570661
97673870	1	0	1491570661
97971506	5	0	1491570661
98549147	1	0	1491570661
98650165	1	0	1491570661
98955228	1	0	1491570661
99314257	1	0	1491570661
99351327	2	0	1491570661
99827287	2	0	1491570661
100606813	2	0	1491570661
100723749	1	0	1491570661
100729821	2	0	1491570661
100774744	1	0	1491570661
100849787	1	0	1491570661
101281837	1	0	1491570661
101837175	2	0	1491570661
101913537	1	0	1491570661
101921272	1	0	1491570661
102167502	2	0	1491570661
102172705	3	0	1491570661
103276875	2	0	1491570661
103294798	2	0	1491570661
104089947	3	0	1491570661
104119595	4	1	1491570661
104236210	1	0	1491570661
104307635	1	0	1491570661
105539752	8	0	1491570661
105750049	2	0	1491570661
106126498	1	0	1491570661
107078057	4	0	1491570661
107258140	1	0	1491570661
107274566	6	0	1491570661
107298919	1	0	1491570661
107638297	2	0	1491570661
108354544	2	0	1491570661
109193622	5	0	1491570661
109389010	1	0	1491570661
109772776	1	0	1491570661
110182209	1	0	1491570661
110310794	5	1	1491570661
110543924	6	0	1491570661
111655258	2	0	1491570661
112406626	3	0	1491570661
113130968	4	0	1491570661
113659845	1	0	1491570661
113705293	3	0	1491570661
114146312	1	0	1491570661
114201671	1	0	1491570661
114942876	4	0	1491570661
115055391	2	0	1491570661
115090313	1	0	1491570661
115641218	1	0	1491570661
115954707	4	0	1491570661
117937407	2	1	1491570661
118714761	1	0	1491570661
118916976	4	0	1491570661
118946422	1	0	1491570661
118946687	3	1	1491570661
119027775	1	0	1491570661
119237417	1	0	1491570661
119564440	2	0	1491570661
119622416	1	0	1491570661
120630071	3	0	1491570661
120787894	1	0	1491570661
122487261	4	0	1491570661
123786474	1	0	1491570661
124099824	3	0	1491570661
124127380	1	0	1491570661
124484297	2	0	1491570661
124575088	5	0	1491570661
125379154	2	0	1491570661
125637480	5	0	1491570661
126334946	2	1	1491570661
126696113	4	0	1491570661
127715721	1	0	1491570661
128227715	3	0	1491570661
129511513	1	0	1491570661
131509511	1	0	1491570661
131541385	9	0	1491570661
131655258	1	0	1491570661
131676941	2	0	1491570661
131964954	6	0	1491570661
131980658	1	0	1491570661
132210866	4	0	1491570661
132470899	2	1	1491570661
133385779	2	0	1491570661
133544941	1	0	1491570661
133605005	2	0	1491570661
133782535	1	0	1491570661
133907757	3	0	1491570661
134096729	1	0	1491570661
134159957	4	0	1491570661
134298431	1	0	1491570661
134384008	1	0	1491570661
134406552	3	0	1491570661
134465961	2	0	1491570661
134928253	3	0	1491570661
135034634	3	0	1491570661
135363158	1	0	1491570661
135438240	3	0	1491570661
135458639	3	0	1491570661
135534918	1	0	1491570661
135770761	1	0	1491570661
136405671	1	0	1491570661
136594563	1	0	1491570661
136648801	4	0	1491570661
136714652	2	0	1491570661
136744597	5	0	1491570661
137197230	6	0	1491570661
137376207	1	0	1491570661
137385415	1	0	1491570661
137438061	3	0	1491570661
137614517	1	0	1491570661
137642922	5	0	1491570661
137799683	2	0	1491570661
138240999	2	0	1491570661
138248593	8	0	1491570661
138272878	2	0	1491570661
138552274	1	0	1491570661
138789919	1	0	1491570661
138968259	2	0	1491570661
139183034	9	0	1491570661
139625106	4	0	1491570661
139696687	6	0	1491570661
139733846	1	0	1491570661
139809379	1	0	1491570661
140788913	1	0	1491570661
140841861	1	0	1491570661
140849965	2	0	1491570661
141134511	1	0	1491570661
141408649	2	0	1491570661
141976356	3	0	1491570661
142277591	2	1	1491570661
142430494	1	0	1491570661
142534854	9	0	1491570661
142565473	5	0	1491570661
142656120	1	0	1491570661
142768984	1	0	1491570661
142812907	1	0	1491570661
142900600	3	1	1491570661
142922412	8	0	1491570661
143158069	1	0	1491570661
143436642	2	0	1491570661
143643069	1	0	1491570661
143680653	1	0	1491570661
144208744	1	0	1491570661
144533597	1	0	1491570661
144623675	1	0	1491570661
144775402	1	0	1491570661
145085607	1	0	1491570661
145152947	4	0	1491570661
145222060	2	0	1491570661
145367347	3	0	1491570661
145395710	1	0	1491570661
145848514	5	0	1491570661
145982121	1	0	1491570661
146433661	2	0	1491570661
146491491	1	0	1491570661
146776810	2	0	1491570661
146799392	2	0	1491570661
146818743	1	0	1491570661
146974957	2	0	1491570661
147492365	2	0	1491570661
147535750	1	0	1491570661
147844395	1	0	1491570661
148027596	2	0	1491570661
148233982	4	0	1491570661
148599861	1	0	1491570661
150529321	2	0	1491570661
150552679	7	0	1491570661
150737261	1	0	1491570661
151060533	1	0	1491570661
151078038	1	0	1491570661
151140657	3	0	1491570661
151405847	1	0	1491570661
151487098	2	0	1491570661
151722917	6	0	1491570661
151848557	3	0	1491570661
151921610	1	0	1491570661
152257797	2	0	1491570661
152475722	2	0	1491570661
152572701	2	0	1491570661
152606052	3	0	1491570661
152781310	1	0	1491570661
153047691	3	0	1491570661
153100685	1	0	1491570661
153257179	1	0	1491570661
153438732	2	0	1491570661
153492053	1	0	1491570661
153979995	1	0	1491570661
154029940	1	0	1491570661
154159775	1	0	1491570661
154625459	2	1	1491570661
154826195	1	0	1491570661
154904766	2	0	1491570661
155037519	3	0	1491570661
155064235	1	0	1491570661
155655149	7	0	1491570661
156130727	1	0	1491570661
156166297	2	0	1491570661
156166512	7	0	1491570661
156237136	1	0	1491570661
156250410	1	0	1491570661
156457570	2	0	1491570661
156457705	1	0	1491570661
157230419	1	0	1491570661
157290284	2	0	1491570661
157384118	5	0	1491570661
157424970	1	0	1491570661
157627410	1	0	1491570661
158036916	1	0	1491570661
159157643	1	0	1491570661
159483002	1	0	1491570661
159518829	1	0	1491570661
159631505	8	0	1491570661
159978136	1	0	1491570661
160068886	1	0	1491570661
160495617	1	0	1491570661
160818148	2	0	1491570661
160848850	1	0	1491570661
161034326	2	0	1491570661
161128524	1	0	1491570661
161576649	1	0	1491570661
161581544	1	0	1491570661
161865943	8	0	1491570661
162323416	2	0	1491570661
162436185	2	0	1491570661
162772809	1	0	1491570661
162798257	3	0	1491570661
163635926	3	0	1491570661
163795382	2	0	1491570661
164297534	1	0	1491570661
164529888	2	0	1491570661
164995604	5	0	1491570661
165130859	2	0	1491570661
165199875	2	0	1491570661
165768185	6	0	1491570661
165813587	1	0	1491570661
166072024	4	0	1491570661
166256446	2	0	1491570661
166281709	2	0	1491570661
166471278	3	0	1491570661
166613324	2	0	1491570661
166665652	3	1	1491570661
166775699	2	0	1491570661
167242912	1	0	1491570661
167430502	6	0	1491570661
167686300	1	0	1491570661
167778041	2	0	1491570661
167793104	3	0	1491570661
167931785	1	0	1491570661
167936900	1	0	1491570661
168030320	1	0	1491570661
168058081	1	0	1491570661
168116076	1	0	1491570661
168128868	3	0	1491570661
168222346	6	0	1491570661
168333641	1	0	1491570661
168727408	1	0	1491570661
168841764	1	0	1491570661
169085993	8	0	1491570661
169175728	4	0	1491570661
169306179	2	0	1491570661
169649047	7	0	1491570661
169854739	2	0	1491570661
170114434	5	0	1491570661
170437385	2	0	1491570661
170886058	2	1	1491570661
170979292	1	0	1491570661
170994147	3	0	1491570661
171306073	1	0	1491570661
171516816	1	0	1491570661
171597076	1	0	1491570661
171694789	2	0	1491570661
171761895	2	0	1491570661
172001960	3	0	1491570661
172421540	1	0	1491570661
172513574	2	0	1491570661
172686496	2	0	1491570661
173290718	1	0	1491570661
173345198	1	0	1491570661
173434489	1	0	1491570661
173631842	2	0	1491570661
173698226	6	0	1491570661
173987270	2	0	1491570661
174297625	2	0	1491570661
174365940	1	0	1491570661
174577414	5	0	1491570661
174589871	1	0	1491570661
175101639	1	0	1491570661
175162263	2	0	1491570661
175164050	1	0	1491570661
175258852	1	0	1491570661
175546871	1	0	1491570661
175827481	2	0	1491570661
175982752	6	0	1491570661
176143275	2	0	1491570661
176245330	2	0	1491570661
176463609	2	0	1491570661
176495615	3	0	1491570661
176561914	2	0	1491570661
177401375	1	0	1491570661
177633980	1	0	1491570661
178515273	2	0	1491570661
179028204	2	0	1491570661
179297185	1	0	1491570661
179378812	1	0	1491570661
179643392	2	0	1491570661
179658427	4	0	1491570661
180112328	2	0	1491570661
180269200	3	0	1491570661
180788391	1	0	1491570661
180817481	1	0	1491570661
181073166	1	0	1491570661
181128094	2	0	1491570661
181142989	1	0	1491570661
181456284	1	0	1491570661
181492468	2	0	1491570661
181769537	2	1	1491570661
182244513	1	0	1491570661
182252147	2	0	1491570661
182272739	2	0	1491570661
182406320	2	0	1491570661
182597966	2	0	1491570661
182698904	1	0	1491570661
182892532	1	0	1491570661
183328481	2	0	1491570661
183339788	2	0	1491570661
183365825	3	0	1491570661
183526767	2	0	1491570661
183823715	1	0	1491570661
183870382	1	0	1491570661
184157261	3	0	1491570661
184183349	1	0	1491570661
184566782	2	0	1491570661
184573174	2	0	1491570661
184694792	1	0	1491570661
185019080	3	0	1491570661
185035631	1	0	1491570661
185133246	1	0	1491570661
185166584	1	0	1491570661
185244811	1	0	1491570661
185404411	3	0	1491570661
185485490	1	0	1491570661
186014376	1	0	1491570661
186067392	1	0	1491570661
186206844	2	0	1491570661
186237042	1	0	1491570661
186314347	1	0	1491570661
186728661	1	0	1491570661
186926941	2	0	1491570661
187395926	5	0	1491570661
187442933	1	0	1491570661
187517142	2	0	1491570661
187856744	3	0	1491570661
188394448	5	0	1491570661
188518235	2	0	1491570661
188552580	2	0	1491570661
188598945	1	0	1491570661
188661779	1	0	1491570661
188822397	1	0	1491570661
188840990	2	0	1491570661
189428666	1	0	1491570661
189571425	1	0	1491570661
189990085	1	0	1491570661
190149635	1	0	1491570661
190243734	3	0	1491570661
190300908	1	0	1491570661
190308314	1	0	1491570661
190369808	1	0	1491570661
190752362	2	0	1491570661
190859899	1	0	1491570661
191234240	3	0	1491570661
191265809	2	0	1491570661
192339049	1	0	1491570661
192345304	1	0	1491570661
192520352	1	0	1491570661
192876317	3	0	1491570661
193079830	2	0	1491570661
193115042	2	0	1491570661
193130680	2	0	1491570661
193461597	5	0	1491570661
193537640	4	0	1491570661
193672825	1	0	1491570661
194047435	1	0	1491570661
194599535	2	0	1491570661
195053183	1	0	1491570661
195827822	1	0	1491570661
196076415	1	0	1491570661
196390307	2	0	1491570661
196396464	2	0	1491570661
196440313	4	0	1491570661
196478488	4	0	1491570661
196493024	1	0	1491570661
196519726	4	0	1491570661
196704651	1	0	1491570661
197554839	2	0	1491570661
198100921	1	0	1491570661
198431657	2	0	1491570661
198563442	1	0	1491570661
198615142	1	0	1491570661
198617330	3	0	1491570661
198945760	1	0	1491570661
198959947	1	0	1491570661
199212000	1	0	1491570661
199548434	1	0	1491570661
199606265	1	0	1491570661
199767701	2	0	1491570661
200078827	6	0	1491570661
200648335	1	0	1491570661
200741750	11	0	1491570661
200784096	2	0	1491570661
200879811	2	0	1491570661
201086442	2	0	1491570661
201107162	2	0	1491570661
201264529	2	0	1491570661
201854050	1	0	1491570661
201900572	3	0	1491570661
201907241	1	0	1491570661
202476801	5	0	1491570661
202552694	1	0	1491570661
203131832	1	0	1491570661
203134467	2	0	1491570661
203451709	1	0	1491570661
203764372	2	1	1491570661
203794962	1	0	1491570661
203804155	1	0	1491570661
203918566	2	1	1491570661
204825419	1	0	1491570661
204877240	2	0	1491570661
204914321	1	0	1491570661
205252622	1	0	1491570661
205414609	2	0	1491570661
205542033	4	1	1491570661
206017330	2	0	1491570661
206163248	4	0	1491570661
206329409	2	0	1491570661
206520984	2	0	1491570661
206749736	1	0	1491570661
206807803	2	0	1491570661
207153831	1	0	1491570661
207331294	1	0	1491570661
208019943	1	0	1491570661
208034764	2	0	1491570661
208989591	1	0	1491570661
209064310	10	0	1491570661
209149985	1	0	1491570661
209416546	2	0	1491570661
209565394	1	0	1491570661
209727741	6	0	1491570661
209941095	1	0	1491570661
210039406	1	0	1491570661
210118630	3	0	1491570661
210176290	2	0	1491570661
210510787	2	0	1491570661
210621122	2	0	1491570661
210793353	5	0	1491570661
210934916	2	0	1491570661
211011621	7	0	1491570661
211118609	2	0	1491570661
211426828	3	0	1491570661
211838429	5	0	1491570661
212193997	2	0	1491570661
212502671	1	0	1491570661
212780970	1	0	1491570661
212861548	2	0	1491570661
212907823	1	0	1491570661
213196791	2	1	1491570661
213509779	4	0	1491570661
213714860	2	0	1491570661
213793760	2	0	1491570661
214404162	6	0	1491570661
214490587	1	0	1491570661
214628133	1	0	1491570661
214898932	1	0	1491570661
215206009	4	0	1491570661
215245853	4	0	1491570661
215351442	2	0	1491570661
215410762	1	0	1491570661
215610888	9	0	1491570661
216406788	2	0	1491570661
216917618	2	0	1491570661
217078127	1	0	1491570661
217121708	1	0	1491570661
217618390	7	0	1491570661
217745147	2	0	1491570661
218179304	2	1	1491570661
218180952	3	0	1491570661
218327855	2	0	1491570661
218479847	5	0	1491570661
218643134	3	0	1491570661
218856646	2	0	1491570661
219001320	5	0	1491570661
219056342	1	0	1491570661
219285752	3	0	1491570661
219401121	2	0	1491570661
220014311	5	0	1491570661
220104985	4	0	1491570661
220173520	7	0	1491570661
220174351	6	0	1491570661
220320104	3	0	1491570661
220333317	4	0	1491570661
220510136	1	0	1491570661
220956550	1	0	1491570661
221302242	1	0	1491570661
221546179	2	0	1491570661
221591730	2	0	1491570661
222134697	1	0	1491570661
222306060	1	0	1491570661
222465149	1	0	1491570661
222522731	1	0	1491570661
222564140	1	0	1491570661
222633264	1	0	1491570661
222702027	3	0	1491570661
223144690	1	0	1491570661
223232737	1	0	1491570661
223907273	1	0	1491570661
224180712	2	0	1491570661
224308173	2	0	1491570661
224395636	2	0	1491570661
224569680	9	0	1491570661
224628724	1	0	1491570661
224647001	1	0	1491570661
225256320	1	0	1491570661
225348356	10	0	1491570661
225402015	1	0	1491570661
225495771	3	0	1491570661
225525276	2	0	1491570661
225851262	4	1	1491570661
226418308	1	0	1491570661
226420949	2	0	1491570661
226428997	2	0	1491570661
226656675	1	0	1491570661
226877724	2	0	1491570661
226921558	2	0	1491570661
227086814	2	0	1491570661
227102955	1	0	1491570661
227185783	3	0	1491570661
227199556	1	0	1491570661
227226704	1	0	1491570661
227389198	1	0	1491570661
227447023	1	0	1491570661
227546493	2	0	1491570661
227741007	1	0	1491570661
227768666	2	0	1491570661
228238246	1	0	1491570661
228307832	3	1	1491570661
228969938	2	0	1491570661
229076121	1	0	1491570661
229083979	2	0	1491570661
229116793	1	0	1491570661
229174716	4	0	1491570661
229265640	1	0	1491570661
229567626	3	1	1491570661
230094782	1	0	1491570661
230338233	5	0	1491570661
230463098	1	0	1491570661
230525783	1	0	1491570661
230887271	2	0	1491570661
231056436	1	0	1491570661
231064397	1	0	1491570661
231789240	1	0	1491570661
231923242	2	0	1491570661
232069458	2	0	1491570661
232161674	1	0	1491570661
232399532	2	0	1491570661
232455274	1	0	1491570661
232780982	1	0	1491570661
233139464	1	0	1491570661
233203382	2	0	1491570661
233294020	1	0	1491570661
233638396	3	1	1491570661
233733778	1	0	1491570661
233865359	2	0	1491570661
234086888	5	0	1491570661
234276068	4	0	1491570661
234650682	1	0	1491570661
234917444	1	0	1491570661
234924903	2	0	1491570661
235202095	1	0	1491570661
235279950	2	0	1491570661
235498133	1	0	1491570661
235734395	1	0	1491570661
235741757	1	0	1491570661
235870854	2	0	1491570661
236390203	1	0	1491570661
236447491	2	0	1491570661
236576611	3	0	1491570661
236794522	6	0	1491570661
236835925	1	0	1491570661
236925885	2	0	1491570661
236947684	1	0	1491570661
237315864	1	0	1491570661
237342228	5	0	1491570661
237358222	2	0	1491570661
237404177	1	0	1491570661
237530519	2	0	1491570661
237710978	1	0	1491570661
237721704	1	0	1491570661
237754654	1	0	1491570661
237812885	2	0	1491570661
237994729	3	0	1491570661
238390889	1	0	1491570661
238395653	2	0	1491570661
238614241	2	0	1491570661
238671167	2	0	1491570661
238700453	5	0	1491570661
238838103	1	0	1491570661
238844762	1	0	1491570661
239144921	1	0	1491570661
239225332	1	0	1491570661
239902281	1	0	1491570661
240396568	1	0	1491570661
240495529	1	0	1491570661
240615432	1	0	1491570661
240880255	1	0	1491570661
240964311	1	0	1491570661
241039653	1	0	1491570661
241170029	2	0	1491570661
241457912	1	0	1491570661
241799235	1	0	1491570661
241886988	1	0	1491570661
242143989	1	0	1491570661
242757395	3	0	1491570661
242876816	1	0	1491570661
243028244	1	0	1491570661
243232600	2	0	1491570661
243355425	1	0	1491570661
243583071	2	1	1491570661
243587114	2	0	1491570661
243734664	2	0	1491570661
244616639	1	0	1491570661
244747652	2	0	1491570661
245005997	2	0	1491570661
245208944	2	0	1491570661
245484399	1	0	1491570661
245633700	1	0	1491570661
245638097	1	0	1491570661
245850800	1	0	1491570661
246337111	1	0	1491570661
246432448	2	0	1491570661
246722779	2	0	1491570661
246777092	2	0	1491570661
246957412	1	0	1491570661
247096662	1	0	1491570661
247395609	1	0	1491570661
247504024	3	1	1491570661
247791752	2	0	1491570661
247817663	1	0	1491570661
247867571	1	0	1491570661
247915500	1	0	1491570661
248252323	1	0	1491570661
248365067	1	0	1491570661
248889868	2	0	1491570661
248943627	2	0	1491570661
249076816	2	0	1491570661
249312806	1	0	1491570661
249631300	1	0	1491570661
249764910	2	0	1491570661
250108877	2	0	1491570661
250416456	2	0	1491570661
250905887	4	0	1491570661
251020952	1	0	1491570661
251164780	1	0	1491570661
251322718	1	0	1491570661
251347768	2	0	1491570661
251596880	5	0	1491570661
252243706	1	0	1491570661
252396184	2	0	1491570661
252516844	4	0	1491570661
252695660	1	0	1491570661
252887523	1	0	1491570661
252935572	1	0	1491570661
253177058	2	0	1491570661
253293101	1	0	1491570661
253320191	2	0	1491570661
253436443	4	1	1491570661
253456412	2	0	1491570661
253536345	1	0	1491570661
253613030	1	0	1491570661
253649623	2	0	1491570661
253977540	1	0	1491570661
254462017	2	0	1491570661
254527962	1	0	1491570661
254552230	1	0	1491570661
254597577	1	0	1491570661
254696256	1	0	1491570661
254779895	1	0	1491570661
255038461	4	0	1491570661
255128205	3	0	1491570661
255467908	4	0	1491570661
255646192	1	0	1491570661
255658727	3	0	1491570661
255753886	1	0	1491570661
256247893	1	0	1491570661
256414823	1	0	1491570661
256444136	3	0	1491570661
256702618	1	0	1491570661
256920022	2	0	1491570661
257007745	1	0	1491570661
257394894	2	0	1491570661
257445055	2	0	1491570661
257764165	1	0	1491570661
258460667	2	0	1491570661
258475044	2	0	1491570661
258507687	2	0	1491570661
258761503	1	0	1491570661
258868373	3	0	1491570661
259155648	4	0	1491570661
259256351	2	0	1491570661
259284378	1	0	1491570661
259563417	2	0	1491570661
259580136	1	0	1491570661
259610491	1	0	1491570661
260081980	3	0	1491570661
260096078	2	0	1491570661
260611934	2	1	1491570661
260742248	4	0	1491570661
260768365	1	0	1491570661
260808068	1	0	1491570661
260823158	2	0	1491570661
260834185	1	0	1491570661
261843801	2	0	1491570661
261889923	1	0	1491570661
261944557	3	0	1491570661
262046502	1	0	1491570661
262314934	5	0	1491570661
262382781	1	0	1491570661
262418680	1	0	1491570661
262509517	1	0	1491570661
263083555	1	0	1491570661
263461404	1	0	1491570661
263488910	1	0	1491570661
263542311	2	0	1491570661
263679692	2	1	1491570661
263799347	1	0	1491570661
263872038	2	0	1491570661
264168817	1	0	1491570661
264231334	2	0	1491570661
264296441	2	0	1491570661
265405579	2	0	1491570661
265816021	4	0	1491570661
265971419	2	0	1491570661
266009543	2	0	1491570661
266116993	1	0	1491570661
266514928	1	0	1491570661
266646107	1	0	1491570661
266678906	2	0	1491570661
266872830	2	0	1491570661
266975994	2	0	1491570661
267140490	1	0	1491570661
267308778	1	0	1491570661
267381035	2	0	1491570661
267488701	2	0	1491570661
267952466	2	0	1491570661
268290714	1	0	1491570661
268366668	1	0	1491570661
268371854	2	0	1491570661
268556496	2	0	1491570661
268578914	1	0	1491570661
269153016	2	0	1491570661
269180107	7	0	1491570661
269356686	1	0	1491570661
269378456	1	0	1491570661
269682448	1	0	1491570661
270097678	2	0	1491570661
270659740	1	0	1491570661
270750413	3	1	1491570661
270987764	1	0	1491570661
271141503	1	0	1491570661
271454721	2	0	1491570661
271546917	3	0	1491570661
272127134	1	0	1491570661
272152442	1	0	1491570661
272293780	2	0	1491570661
272316505	1	0	1491570661
272368294	1	0	1491570661
272392247	1	0	1491570661
272497331	1	0	1491570661
272814821	2	0	1491570661
273651206	2	0	1491570661
273895554	2	0	1491570661
274988625	1	0	1491570661
275245792	6	0	1491570661
275248156	1	0	1491570661
275515219	1	0	1491570661
275531523	5	0	1491570661
276702626	1	0	1491570661
277265095	1	0	1491570661
277494599	1	0	1491570661
278100461	2	0	1491570661
278259557	1	0	1491570661
278532799	2	0	1491570661
278717384	5	0	1491570661
278738786	4	0	1491570661
278907347	2	0	1491570661
278934545	2	0	1491570661
279058683	2	0	1491570661
279451548	1	0	1491570661
279881060	1	0	1491570661
280225961	1	0	1491570661
280623423	4	0	1491570661
281249452	1	0	1491570661
281753653	1	0	1491570661
281886673	2	0	1491570661
282016568	1	0	1491570661
282261289	3	0	1491570661
282462119	1	0	1491570661
282625830	1	0	1491570661
282627349	1	0	1491570661
282769404	1	0	1491570661
282786542	2	0	1491570661
282961173	2	0	1491570661
283804543	2	0	1491570661
283821088	1	0	1491570661
283825376	2	0	1491570661
284170685	1	0	1491570661
285030646	1	0	1491570661
285444792	2	0	1491570661
285738672	2	0	1491570661
286066860	1	0	1491570661
286862310	1	0	1491570661
286927336	2	0	1491570661
287107717	1	0	1491570661
287746953	1	0	1491570661
288036799	1	0	1491570661
288332062	1	0	1491570661
288348395	1	0	1491570661
288770564	5	0	1491570661
288827709	1	0	1491570661
289121994	1	0	1491570661
289629267	2	1	1491570661
289640841	1	0	1491570661
289948908	2	0	1491570661
289985141	2	0	1491570661
290124609	2	0	1491570661
290158191	1	0	1491570661
290613762	5	0	1491570661
290659931	2	0	1491570661
290785809	1	0	1491570661
291603731	1	0	1491570661
291641944	2	0	1491570661
291824368	1	0	1491570661
292553073	1	0	1491570661
292624720	1	0	1491570661
293190694	4	0	1491570661
293394937	1	0	1491570661
293446092	1	0	1491570661
293527707	1	0	1491570661
293528585	3	0	1491570661
293601604	2	0	1491570661
293693117	1	0	1491570661
293820014	2	0	1491570661
294168130	1	0	1491570661
294352498	1	0	1491570661
294785026	1	0	1491570661
294834686	1	0	1491570661
295107557	1	0	1491570661
295126470	1	0	1491570661
295199381	2	0	1491570661
295302729	2	0	1491570661
295640351	1	0	1491570661
295648005	3	0	1491570661
296532723	1	0	1491570661
296659285	2	1	1491570661
296773107	1	0	1491570661
296920351	1	0	1491570661
297620803	3	0	1491570661
297633688	2	0	1491570661
297682424	1	0	1491570661
298384255	1	0	1491570661
298395970	1	0	1491570661
298697435	1	0	1491570661
299138811	1	0	1491570661
300046334	1	0	1491570661
300503903	1	0	1491570661
301107897	1	0	1491570661
301258689	2	0	1491570661
301370627	1	0	1491570661
301755793	5	0	1491570661
301877440	2	0	1491570661
301950116	1	0	1491570661
302335047	2	0	1491570661
302612573	2	0	1491570661
303089739	2	0	1491570661
303492552	4	0	1491570661
303521047	1	0	1491570661
303830977	1	0	1491570661
304039216	2	1	1491570661
304057940	1	0	1491570661
304114104	1	0	1491570661
304147388	2	0	1491570661
304219587	2	0	1491570661
304405043	2	0	1491570661
304467591	1	0	1491570661
304559712	2	0	1491570661
304592966	1	0	1491570661
305472566	2	0	1491570661
305576656	1	0	1491570661
306244933	1	0	1491570661
306356865	2	0	1491570661
306623732	2	0	1491570661
306789179	2	0	1491570661
306932291	1	0	1491570661
307084802	2	0	1491570661
307143463	1	0	1491570661
307185209	5	0	1491570661
307475555	1	0	1491570661
307508509	2	0	1491570661
307784673	1	0	1491570661
307802644	1	0	1491570661
307849787	1	0	1491570661
307944123	1	0	1491570661
307988225	6	0	1491570661
308219322	2	0	1491570661
308261550	2	0	1491570661
308280887	1	0	1491570661
308281235	1	0	1491570661
308567646	1	0	1491570661
308586745	1	0	1491570661
308746202	1	0	1491570661
308915395	1	0	1491570661
309015800	1	0	1491570661
310229641	1	0	1491570661
310272992	1	0	1491570661
310301422	1	0	1491570661
310489049	1	0	1491570661
310491662	1	0	1491570661
311876093	1	0	1491570661
311984311	1	0	1491570661
312404648	3	0	1491570661
312526616	1	0	1491570661
312538076	2	1	1491570661
312563270	2	0	1491570661
312585220	1	0	1491570661
312855400	1	0	1491570661
312979111	1	0	1491570661
313012684	2	0	1491570661
313306526	2	0	1491570661
313834737	2	0	1491570661
313938345	2	0	1491570661
314209214	2	0	1491570661
314384271	2	0	1491570661
314575116	1	0	1491570661
314843796	1	0	1491570661
315406649	1	0	1491570661
316072171	2	0	1491570661
316094025	2	0	1491570661
316141051	2	0	1491570661
316325239	1	0	1491570661
316328563	1	0	1491570661
316900751	1	0	1491570661
317019488	2	0	1491570661
317089099	2	0	1491570661
317376120	3	1	1491570661
317427586	1	0	1491570661
317551565	1	0	1491570661
318826324	1	0	1491570661
318921641	1	0	1491570661
319066277	2	0	1491570661
319137508	5	0	1491570661
319768440	2	0	1491570661
319798035	2	0	1491570661
320037280	2	0	1491570661
320250440	1	0	1491570661
320426389	1	0	1491570661
320593068	1	0	1491570661
321091589	1	0	1491570661
321329095	1	0	1491570661
321333378	1	0	1491570661
321362511	1	0	1491570661
321626063	2	0	1491570661
321874063	2	0	1491570661
321942956	3	0	1491570661
322126548	1	0	1491570661
322195874	2	0	1491570661
322391559	2	0	1491570661
322854612	1	0	1491570661
322946990	1	0	1491570661
322961564	2	0	1491570661
323185485	1	0	1491570661
323248957	1	0	1491570661
323889952	2	0	1491570661
324010817	1	0	1491570661
324169070	1	0	1491570661
324928540	1	0	1491570661
325012245	2	0	1491570661
325315767	2	0	1491570661
325370288	1	0	1491570661
325579713	2	0	1491570661
325945837	2	0	1491570661
326478182	3	0	1491570661
326695796	2	0	1491570661
327058946	2	0	1491570661
327310022	2	0	1491570661
327862681	3	0	1491570661
328015275	2	0	1491570661
328016991	2	0	1491570661
328082923	1	0	1491570661
328165950	1	0	1491570661
328629225	2	0	1491570661
329081359	1	0	1491570661
329128695	1	0	1491570661
330374358	1	0	1491570661
330623983	1	0	1491570661
330709132	3	1	1491570661
330710982	1	0	1491570661
330970340	3	0	1491570661
331157290	2	0	1491570661
331881297	1	0	1491570661
332193835	1	0	1491570661
332896851	2	0	1491570661
333432720	1	0	1491570661
333929254	1	0	1491570661
334115866	3	0	1491570661
334749896	2	1	1491570661
334904390	1	0	1491570661
335264231	1	0	1491570661
335541438	3	0	1491570661
335662742	2	0	1491570661
335945841	2	0	1491570661
336344375	1	0	1491570661
336777870	2	0	1491570661
337902952	1	0	1491570661
338267335	1	0	1491570661
338327006	2	0	1491570661
338509762	3	0	1491570661
338643799	2	0	1491570661
338788557	2	0	1491570661
339163903	1	0	1491570661
339458205	1	0	1491570661
339846706	2	0	1491570661
340031151	1	0	1491570661
340330408	1	0	1491570661
340418148	2	0	1491570661
340556528	1	0	1491570661
340594358	1	0	1491570661
340597980	1	0	1491570661
340852297	1	0	1491570661
340954044	2	0	1491570661
341956915	1	0	1491570661
341990109	1	0	1491570661
342753330	1	0	1491570661
342888116	1	0	1491570661
343035204	1	0	1491570661
343416743	2	0	1491570661
343534054	1	0	1491570661
343670615	1	0	1491570661
343707114	1	0	1491570661
343792091	1	0	1491570661
343874843	2	0	1491570661
344188960	1	0	1491570661
344390943	2	0	1491570661
344764039	1	0	1491570661
344880476	2	0	1491570661
345291927	2	0	1491570661
345469505	1	0	1491570661
345619254	2	0	1491570661
346123407	2	0	1491570661
346703898	2	0	1491570661
346926126	1	0	1491570661
347619317	1	0	1491570661
347807954	2	0	1491570661
347863219	2	0	1491570661
348080227	1	0	1491570661
348601647	1	0	1491570661
348803181	2	0	1491570661
349311134	1	0	1491570661
349370611	1	0	1491570661
349734747	1	0	1491570661
349797630	2	0	1491570661
350386839	1	0	1491570661
350943276	1	0	1491570661
351014096	2	0	1491570661
351085429	2	0	1491570661
351094833	1	0	1491570661
351493059	2	0	1491570661
351696168	2	0	1491570661
351755539	1	0	1491570661
351904461	2	0	1491570661
351921414	1	0	1491570661
352716811	2	0	1491570661
353344404	2	0	1491570661
353559787	2	0	1491570661
353686988	2	0	1491570661
354772739	1	0	1491570661
355660149	2	0	1491570661
355720484	1	0	1491570661
355828560	1	0	1491570661
355907566	1	0	1491570661
355983898	1	0	1491570661
356104627	1	0	1491570661
356356875	1	0	1491570661
356383211	1	0	1491570661
356450004	1	0	1491570661
358306309	1	0	1491570661
358616030	2	0	1491570661
358657152	1	0	1491570661
358810361	1	0	1491570661
359147044	2	0	1491570661
359936512	2	0	1491570661
360223582	2	0	1491570661
360442195	1	0	1491570661
360722990	1	0	1491570661
360745684	1	0	1491570661
361392899	2	0	1491570661
361397443	2	0	1491570661
361885441	2	0	1491570661
362123701	1	0	1491570661
362165149	2	0	1491570661
362753869	1	0	1491570661
363042811	1	0	1491570661
363072778	2	0	1491570661
363159515	2	0	1491570661
363397346	1	0	1491570661
363502800	2	0	1491570661
363915623	1	0	1491570661
364188635	1	0	1491570661
364408316	1	0	1491570661
364643125	2	0	1491570661
364752816	2	0	1491570661
364941923	2	0	1491570661
365030456	2	0	1491570661
366298065	1	0	1491570661
366418875	1	0	1491570661
366571826	1	0	1491570661
366690565	1	0	1491570661
367837175	1	0	1491570661
368282125	1	0	1491570661
368615490	1	0	1491570661
368861551	2	0	1491570661
368965870	1	0	1491570661
369268716	1	0	1491570661
369669215	1	0	1491570661
369836050	1	0	1491570661
370092214	1	0	1491570661
370701769	1	0	1491570661
370850845	1	0	1491570661
371221397	2	1	1491570661
371242302	2	0	1491570661
371438435	1	0	1491570661
372171457	2	0	1491570661
372178942	1	0	1491570661
372752631	1	0	1491570661
372785765	1	0	1491570661
373296214	1	0	1491570661
374103011	1	0	1491570661
374470149	1	0	1491570661
375516764	2	1	1491570661
377050633	1	0	1491570661
377142903	1	0	1491570661
377764335	1	0	1491570661
377797634	1	0	1491570661
377911180	1	0	1491570661
377958517	1	0	1491570661
378722565	1	0	1491570661
378904932	1	0	1491570661
379111606	1	0	1491570661
379186013	1	0	1491570661
379516570	1	0	1491570661
379568575	1	0	1491570661
379665283	1	0	1491570661
380326461	1	0	1491570661
380357989	1	0	1491570661
380530481	1	0	1491570661
380720275	1	0	1491570661
381508311	1	0	1491570661
381562811	1	0	1491570661
381673575	1	0	1491570661
382334497	1	0	1491570661
382596746	1	0	1491570661
383806629	1	0	1491570661
384015365	1	0	1491570661
384244709	1	0	1491570661
384845660	1	0	1491570661
384866154	1	0	1491570661
385780815	1	0	1491570661
386207809	1	0	1491570661
386962187	1	0	1491570661
387022159	1	0	1491570661
387419589	1	0	1491570661
387572215	1	0	1491570661
387829926	1	0	1491570661
388947096	1	0	1491570661
389840941	1	0	1491570661
391461963	1	0	1491570661
392208948	1	0	1491570661
393147591	1	0	1491570661
393340113	1	0	1491570661
393741823	1	0	1491570661
393800171	1	0	1491570661
394156039	1	0	1491570661
394290544	1	0	1491570661
394567348	1	0	1491570661
395672016	1	0	1491570661
395677919	1	0	1491570661
396032018	1	0	1491570661
397308853	1	0	1491570661
397393863	1	0	1491570661
397734667	1	0	1491570661
398846473	1	0	1491570661
399163915	1	0	1491570661
399921273	1	0	1491570661
400653154	2	1	1491570661
401300099	1	0	1491570661
402460393	1	0	1491570661
404437168	1	0	1491570661
404860766	1	0	1491570661
404996637	1	0	1491570661
406079476	1	0	1491570661
406788587	2	1	1491570661
408514395	2	1	1491570661
411282412	1	0	1491570661
411440371	1	0	1491570661
412464879	1	0	1491570661
415869383	1	0	1491570661
416376697	1	0	1491570661
417686581	1	0	1491570661