117937407
203764372
7154600
142900600
406788587
247504024
132470899
334749896
225851262
142277591
229567626
170886058
304039216
260611934
181769537
42852695
203918566
92510984
218179304
233638396
312538076
166665652
16193304
228307832
92283380
213196791
296659285
118946687
317376120
12403279
33809596
29014271
13644774
289629267
154625459
330709132
104119595
408514395
110310794
400653154
375516764
205542033
38447277
790242
253436443
243583071
56230959
11151617
371221397
263679692
270750413
126334946
262314934