55630258
113705293
163795382
230338233
183339788
290659931
118916976
236576611
344390943
76987434
153047691
282786542
270097678
14302462
107638297
218479847
234276068
99351327
85187384
246337111
15103773
229083979
172686496
154904766
48030331
322854612
6689062
132210866
27589226
12733116
269180107
215351442
252396184
266975994
183365825
100729821
253320191
21020028
227086814
41717076
6523612
34926768
234924903
20518295
41780304
30033860
21305645
210510787
3103047
321942956
293601604
352716811
155037519
325579713
316141051
1786245
220104985
230094782
205542033
1948638
179028204
51534461
12831129
218327855
351696168
147492365
21270187
88334777
170114434
7547134
51959831
374103011
72966768
2136683
185404411
268556496
233203382
118946687
340954044
271454721
210793353
124099824
22583724
304405043
43678143
168128868
181073166
68971282
24517462
213793760
213714860
45156238
266009543
33094460
235279950
252516844
359936512
305472566
246722779
233139464
181492468
83228043
285444792
236925885
11886934
196478488
164995604
231923242
166281709
255038461
351904461
16193304
131964954
327310022
243587114
328016991
21319595
16548985
22117828
319798035
80736464
328629225
16727049
29479964
168841764
151487098
166613324
363072778
86290003
327058946
216406788
317551565
58354283
152257797
5620581
259563417
339846706
245005997
4134179
187517142
323248957
173631842
351094833
351493059
358616030
234086888
137438061
69489115
25310793
227546493
188552580
3638020
104089947
62781763
366298065
317376120
101837175
237530519
173434489
110310794
330970340
232069458
97971506
66780981
372785765
53439801
362165149
206807803
220956550
16227209
142565473
21264900
188394448
230887271
266116993
268371854
7640927
138968259
4431052
3640380
205414609
263542311
257445055
238700453
158036916
301877440
379111606
143436642
323889952
297633688
245208944
338327006
91745957
767234
101913537
30094403
220320104
287746953
253456412
328015275
12344849
126696113
203134467
16280261
224180712
146799392
316328563
193079830
380326461
254462017
135438240
295640351
321874063
263461404
190308314
322391559
8640213
137385415
334904390
22388932
307508509
295648005
190752362
181128094
198431657
237342228
145367347
371242302
313306526
179643392
43561520
353344404
62429193
354772739
290124609
109193622
313834737
288770564
7730393
292553073
169175728
150529321
14743907
322195874
169854739
183526767
340556528
236447491
173987270
200879811
30879513
307084802
61424006
261843801
310301422
12775422
20809225
58201329
37120730
351014096
266872830
317019488
176463609
31985626
151140657
282261289
250416456
170437385
49210292
340418148
35135500
330623983
211426828
302612573
62615537
280623423
34724202
67920417
188840990
120630071
28894630
6168043
377142903
5898570
34759194
39239615
347807954
26402654
30518414
224308173
193537640
21899173
133385779
38447277
166471278
5843734
15918520
356450004
266678906
22522985
120787894
16659985
310272992
282961173
172001960
330709132
152572701
342888116
289985141
362123701
324010817
278907347
235741757
211838429
63166398
119564440
161576649
72601
216917618
133782535
90533436
317089099
306356865
139183034
95121128
246777092
16842054
201264529
142900600
95830847
226428997
11151617
28853750
231064397
71623110
314384271
59291142
100849787
100606813
265816021
277265095
198959947
83543765
304147388
324928540
359147044
90917398
220173520
264168817
26931180
272293780
135458639
253649623
230525783
263872038
108354544
238844762
286927336
145152947
247504024
28731800
182597966
16595501
186206844
171761895
151722917
162323416
56578308
336777870
345291927
364408316
139625106
220333317
353686988
386962187
148233982
83400995
43132896
68900882
233638396
255128205
11957203
325012245
201900572
325945837
363502800
316094025
378904932
345469505
211011621
338509762
365030456
265971419
282462119
8680713
307988225
290613762
270750413
168222346
7968356
153257179
364941923
131541385
262314934
37737047
14950055
224395636
237754654
308219322
289121994
79323680
157424970
156166297
164529888
312979111
240396568
312404648
26487686
144623675
258460667
347619317
138272878
55367320
192339049
328082923
157384118
166072024
243734664
191265809
49014014
75602894
21204720
183328481
199767701
201086442
193130680
282016568
7217409
232399532
194599535
123786474
315406649
111655258
146818743
137799683
178515273
125637480
283825376
327862681
76525385
198617330
301755793
281886673
364752816
83990904
88268058
237812885
340594358
226420949
50552728
153438732
14691867
341956915
293394937
88506339
213509779
218856646
174577414
332896851
29014271
215610888
199212000
303089739
179297185
256247893
243028244
200741750
219401121
304467591
369268716
260823158
267488701
229076121
255658727
196396464
107078057
148027596
210621122
368861551
97340484
335541438
367837175
338643799
214490587
265405579
177633980
356383211
260096078
217745147
275245792
278532799
103294798
115641218
366690565
10755507
33809596
369836050
257007745
257394894
193461597
343874843
346926126
125379154
104307635
61620875
49388479
304114104
240880255
27915352
19028586
2649851
65175569
128227715
114942876
171694789
50859151
9736421
19471864
206017330
360223582
165130859
11437854
151060533
56230959
319066277
9354261
160818148
233865359
267381035
291641944
162436185
96058482
30050965
193115042
313012684
349797630
166775699
293820014
245633700
335945841
156457570
136648801
364643125
64207280
189990085
9693167
344188960
304219587
264296441
156250410
91428212
115055391
249764910
294168130
321333378
140849965
306789179
11175338
244747652
9311605
272814821
173345198
89718332
246957412
373296214
285738672
343707114
238395653
26051959
91411164
380530481
87007890
19370928
1433787
132470899
215410762
272316505
334115866
311984311
318921641
250108877
184573174
92283380
304039216
59488041
350386839
13715779
221591730
156237136
46169794
70648679
59805924
165199875
343416743
4518379
212193997
134928253
134159957
275531523
207153831
155655149
161581544
283804543
187856744
175258852
302335047
225525276
249076816
93263139
223144690
262046502
345619254
258475044
301107897
172513574
361392899
45124740
384244709
65721035
236835925
107274566
264231334
175827481
159518829
45058984
39751798
43269671
260742248
32443328
3895359
343534054
253436443
136714652
248889868
242876816
370850845
322126548
377764335
135034634
203451709
62525827
64971391
381562811
278100461
131676941
372171457
44299670
151848557
321626063
209064310
331157290
320037280
249312806
328165950
306623732
243232600
238390889
289640841
353559787
154159775
169085993
298395970
224628724
102172705
236794522
351921414
272392247
13720225
105750049
269378456
46758927
115090313
214404162
124484297
51815464
273651206
14459069
109772776
32198901
391461963
52831631
154826195
233294020
92510984
169306179
261944557
212907823
51674655
89774082
192876317
237404177
308261550
77749926
385780815
259256351
268578914
145222060
31395787
267952466
173698226
225402015
112406626
196519726
182244513
394290544
258761503
1348009
27952503
142768984
191234240
46756386
146491491
326695796
33482525
325370288
346123407
318826324
200784096
313938345
339163903
1687066
142534854
251596880
263799347
144208744
67832529
196390307
270987764
339458205
221546179
150552679
213196791
8543736
228307832
349370611
142922412
90890227
227447023
137197230
246432448
335662742
381508311
350943276
331881297
101921272
27554461
133907757
153100685
266514928
196493024
297682424
235202095
380357989
176143275
397308853
370701769
70979268
7154600
225348356
278934545
141976356
398846473
71856599
185166584
348803181
272152442
222306060
26363034
288348395
166256446
792255
134096729
280225961
204877240
347863219
30817749
23337302
229567626
17783599
340852297
182272739
262509517
99314257
293190694
320250440
308746202
238614241
256444136
371221397
284170685
123971
162772809
300046334
206520984
70220302
142430494
224569680
122487261
312585220
222522731
304057940
312538076
289948908
18642340
159157643
160068886
228969938
47594553
251164780
214898932
247867571
225256320
279058683
147535750
253977540
369669215
154625459
209416546
6309110
293528585
396032018
351085429
6383166
256920022
363159515
380720275
308567646
218643134
175162263
239225332
346703898
71497949
179378812
307185209
379665283
321091589
227185783
225495771
124575088
379568575
183870382
88016389
237721704
355660149
304559712
15349375
196076415
33942082
225851262
217078127
255753886
344880476
21681035
227768666
247791752
44987556
299138811
226418308
32618044
98650165
140841861
156130727
273895554
137642922
226877724
135770761
140788913
251347768
238838103
267308778
337902952
8350702
307849787
36551524
167430502
229116793
160495617
215245853
87436964
34188934
399921273
235498133
19843078
201107162
4909962
384866154
133605005
394567348
393340113
152606052
303521047
251322718
203794962
200648335
4204616
144775402
336344375
388947096
51109331
316072171
389840941
307143463
152475722
50223819
153979995
198615142
227226704
104119595
248252323
159631505
372178942
260611934
161034326
314209214
227102955
340597980
161865943
210934916
382596746
29123027
99827287
368282125
322961564
283821088
87638082
377050633
349311134
237315864
12403279
20820627
344764039
319768440
11263325
9463749
150737261
190859899
129511513
247096662
287107717
115954707
207331294
377958517
404860766
5970287
133544941
174589871
160848850
103276875
202476801
258868373
175546871
13079857
384015365
92725836
163635926
321362511
239902281
76980533
294352498
138248593
143643069
298384255
119237417
301258689
379186013
168030320
395672016
77212805
238671167
254597577
81730941
186728661
25842353
76635976
167793104
235870854
24163565
117937407
312563270
400653154
270659740
253536345
307944123
90112897
269356686
185244811